     True ANI  Our ANI est  SM ANI est
0        1.00     1.000000    1.000000
1        0.99     0.989743    0.989743
2        0.98     0.979861    0.979861
3        0.97     0.969707    0.969707
4        0.96     0.959628    0.959628
5        0.95     0.949882    0.949882
6        0.94     0.939800    0.939800
7        0.93     0.929994    0.929994
8        0.92     0.920020    0.920020
9        0.91     0.909951    0.909951
10       0.90     0.900585    0.900585
11       0.89     0.890482    0.890482
12       0.88     0.880702    0.880702
13       0.87     0.871016    0.871016
14       0.86     0.861225    0.861225
15       0.85     0.851136    0.851136
16       0.84     0.841267    0.841267
17       0.83     0.832297    0.832297
18       0.82     0.821837    0.821837
19       0.81     0.812373    0.812373
20       0.80     0.803171    0.803171
21       0.79     0.793639    0.793639
22       0.78     0.783950    0.783950
23       0.77     0.773210    0.773210
24       0.76     0.762358    0.762358
25       0.75     0.754866    0.754866
26       0.74     0.745483    0.745483
27       0.73     0.734289    0.734289
28       0.72     0.727402    0.727402
29       0.71     0.716824    0.716824
30       0.70     0.705730    0.705730
31       0.69     0.696049    0.696049
32       0.68     0.687865    0.687865
33       0.67     0.672283    0.672283
34       0.66     0.666814    0.666814
35       0.65     0.642302    0.000000
36       0.64     0.626872    0.000000
37       0.63     0.626849    0.000000
38       0.62     0.614879    0.000000
39       0.61     0.594968    0.000000
40       0.60     0.614994    0.000000
41       0.59     0.594978    0.000000
42       0.58     0.000000    0.000000
43       0.57     0.594911    0.000000
44       0.56     0.594934    0.000000
45       0.55     0.000000    0.000000
46       0.54     0.000000    0.000000
47       0.53     0.000000    0.000000
48       0.52     0.000000    0.000000
49       0.51     0.000000    0.000000
50       0.50     0.000000    0.000000
51       0.49     0.000000    0.000000
52       0.48     0.000000    0.000000
53       0.47     0.000000    0.000000
54       0.46     0.000000    0.000000
55       0.45     0.000000    0.000000
56       0.44     0.000000    0.000000
57       0.43     0.000000    0.000000
58       0.42     0.000000    0.000000
59       0.41     0.000000    0.000000
60       0.40     0.000000    0.000000
61       0.39     0.000000    0.000000
62       0.38     0.000000    0.000000
63       0.37     0.000000    0.000000
64       0.36     0.000000    0.000000
65       0.35     0.000000    0.000000
66       0.34     0.000000    0.000000
67       0.33     0.000000    0.000000
68       0.32     0.000000    0.000000
69       0.31     0.000000    0.000000
70       0.30     0.000000    0.000000
71       0.29     0.000000    0.000000
72       0.28     0.000000    0.000000
73       0.27     0.000000    0.000000
74       0.26     0.000000    0.000000
75       0.25     0.000000    0.000000
76       0.24     0.000000    0.000000
77       0.23     0.000000    0.000000
78       0.22     0.000000    0.000000
79       0.21     0.594942    0.000000
80       0.20     0.000000    0.000000
81       0.19     0.594968    0.000000
82       0.18     0.000000    0.000000
83       0.17     0.000000    0.000000
84       0.16     0.000000    0.000000
85       0.15     0.000000    0.000000
86       0.14     0.000000    0.000000
87       0.13     0.000000    0.000000
88       0.12     0.000000    0.000000
89       0.11     0.000000    0.000000
90       0.10     0.000000    0.000000
91       0.09     0.000000    0.000000
92       0.08     0.000000    0.000000
93       0.07     0.000000    0.000000
94       0.06     0.000000    0.000000
95       0.05     0.000000    0.000000
96       0.04     0.000000    0.000000
97       0.03     0.000000    0.000000
98       0.02     0.000000    0.000000
99       0.01     0.000000    0.000000
100      0.00     0.000000    0.000000
